 sigma  beta_min  sensitivity    jitter

=== CALIBRARE DERIVATA DIN DATE (target: sensitivity>=0.5, jitter<=0.05) ===
sigma=0.10: beta_min=0.15  sensitivity=0.5675  jitter=0.0285
sigma=0.25: beta_min=0.15  sensitivity=0.5822  jitter=0.0274
sigma=0.50: beta_min=0.15  sensitivity=0.5941  jitter=0.0299
sigma=1.00: beta_min=0.15  sensitivity=0.6215  jitter=0.0533
sigma=1.50: beta_min=0.15  sensitivity=0.6412  jitter=0.0638
sigma=2.00: beta_min=0.15  sensitivity=0.6599  jitter=0.0797
sigma=2.50: beta_min=0.15  sensitivity=0.6760  jitter=0.0954

=== TABEL COMPLET (toate combinatiile, pt referinta) ===
 sigma  beta_min  sensitivity    jitter
  0.10      0.00       0.2824    0.0255
  0.10      0.02       0.2619    0.0256
  0.10      0.05       0.2406    0.0259
  0.10      0.08       0.2464    0.0266
  0.10      0.10       0.3235    0.0271
  0.10      0.15       0.5675    0.0285
  0.10      0.20       0.2862    0.0297
  0.10      0.30       0.1213    0.0321
  0.25      0.00       0.2920    0.0222
  0.25      0.02       0.2732    0.0223
  0.25      0.05       0.2549    0.0230
  0.25      0.08       0.2657    0.0241
  0.25      0.10       0.3388    0.0250
  0.25      0.15       0.5822    0.0274
  0.25      0.20       0.3072    0.0297
  0.25      0.30       0.1367    0.0351
  0.50      0.00       0.3212    0.0226
  0.50      0.02       0.2976    0.0226
  0.50      0.05       0.2755    0.0232
  0.50      0.08       0.2900    0.0245
  0.50      0.10       0.3641    0.0257
  0.50      0.15       0.5941    0.0299
  0.50      0.20       0.3351    0.0351
  0.50      0.30       0.1578    0.0485
  1.00      0.00       0.3899    0.0372
  1.00      0.02       0.3577    0.0378
  1.00      0.05       0.3168    0.0399
  1.00      0.08       0.3239    0.0430
  1.00      0.10       0.4009    0.0456
  1.00      0.15       0.6215    0.0533
  1.00      0.20       0.3891    0.0621
  1.00      0.30       0.1988    0.0825
  1.50      0.00       0.4158    0.0425
  1.50      0.02       0.3859    0.0428
  1.50      0.05       0.3473    0.0452
  1.50      0.08       0.3571    0.0494
  1.50      0.10       0.4293    0.0531
  1.50      0.15       0.6412    0.0638
  1.50      0.20       0.4492    0.0758
  1.50      0.30       0.2507    0.1029
  2.00      0.00       0.4402    0.0578
  2.00      0.02       0.4137    0.0580
  2.00      0.05       0.3779    0.0602
  2.00      0.08       0.3928    0.0644
  2.00      0.10       0.4624    0.0682
  2.00      0.15       0.6599    0.0797
  2.00      0.20       0.5004    0.0930
  2.00      0.30       0.3044    0.1241
  2.50      0.00       0.4629    0.0715
  2.50      0.02       0.4412    0.0720
  2.50      0.05       0.4176    0.0743
  2.50      0.08       0.4287    0.0787
  2.50      0.10       0.4932    0.0824
  2.50      0.15       0.6760    0.0954
  2.50      0.20       0.5376    0.1100
  2.50      0.30       0.3559    0.1436
